0,378
0,377
0,376
0,375
0,374
0,373
0,372
0,371
0,370
0,369
0,368
0,367
0,366
0,365
0,364
0,363
0,362
0,361
0,360
0,359
0,358
0,357
0,356
0,355
0,354
0,353
0,352
0,351
0,350
0,349
0,348
0,347
0,346
0,345
0,344
0,343
0,342
0,341
0,340
0,339
0,338
0,337
0,336
0,335
0,334
0,333
0,332
0,331
0,330
0,329
0,328
0,327
0,326
0,325
0,324
0,323
0,320
285,7
285,6
285,5
285,4
387,3
293,5
293,4
293,3
2,17
518,3
600,1
600,12
600,5
595,1
613,1
596,1
596,6
2,66
347,3
599,3
600,3
595,3
2,18
613,3
2,7
620,3
0,475
0,314
2,20
593,3
2,15
592,3
596,3
0,444
277,3
278,5
278,3
280,3
2,6
276,3
414,3
244,4
244,3
528,3
0,473
0,443
353,4
354,3
353,3
330,3
332,3
329,3
304,3
303,3
302,4
289,4
2,22
302,3
355,4
337,3
334,11
334,16
334,1
334,10
334,4
335,3
336,6
363,4
360,3
336,3
2,12
363,3
2,21
355,3
0,460
334,15
334,14
334,13
334,12
334,9
334,8
334,7
334,6
334,5
2,24
334,3
344,5
301,3
300,3
2,9
299,3
344,4
344,3
2,11
343,3
0,456
422,4
289,9
289,8
289,7
292,3
2,23
2,8
289,3
0,453
0,454
421,3
420,3
2,68
1,5
422,3
0,459
0,466
2,4
1,4
2,3
1,3
4,3
1873,3
1873,2
1873,1
1873,0
614,18
614,17
614,16
614,15
614,14
614,13
614,12
614,5
614,4
613,24
613,23
613,22
613,21
613,20
613,19
613,18
613,17
613,16
613,15
613,13
613,8
613,7
613,6
613,5
600,16
600,15
600,13
599,12
599,11
599,10
599,9
598,20
598,19
598,18
598,17
598,15
598,13
598,11
596,13
596,12
596,11
596,10
596,9
596,5
596,4
595,42
595,41
595,40
595,39
595,38
595,37
595,36
595,35
595,34
595,33
595,32
595,31
595,30
595,29
595,28
595,27
595,18
595,13
595,4
593,25
593,24
593,23
593,22
593,21
593,20
593,19
593,18
593,17
593,16
593,15
593,6
593,5
593,4
592,39
592,38
592,37
592,36
592,35
592,34
592,33
592,32
592,31
592,30
592,29
592,28
592,27
592,26
592,25
592,24
592,23
592,11
592,10
592,8
592,7
592,6
506,22
506,21
506,20
506,19
506,18
506,17
506,16
506,13
506,12
506,11
506,10
345,7
387,4
386,3
386,4
0,0
0,1
317,3
319,3
0,474
2,29
318,3
450,5
2,65
317,5
450,4
345,3
2,67
256,4
256,1
405,3
256,5
256,9
256,10
384,3
305,3
2,5
384,15
307,3
2,64
307,5
305,6
382,3
380,3
383,3
384,16
516,3
333,3
263,3
263,13
376,3
593,1
592,12
613,4
613,9
592,13
613,14
592,14
592,15
592,17
592,18
592,19
592,20
480,3
245,3
276,6
276,7
276,4
256,12
276,8
290,3
290,5
290,6
321,3
321,4
607,3
592,1
593,7
600,9
595,7
595,8
595,9
593,9
600,14
595,14
595,15
595,16
595,17
595,19
595,20
595,22
593,13
595,24
600,10
593,14
619,4
601,3
601,4
601,5
456,3
457,3
608,3
599,1
257,4
259,3
261,3
359,3
359,4
260,3
458,4
469,3
262,3
408,3
316,5
408,4
258,3
462,5
284,3
282,4
284,4
288,3
285,3
440,3
441,3
442,4
348,3
349,4
515,3
514,4
289,6
277,5
245,2
512,3
513,3
354,5
497,3
497,5
609,3
601,6
601,10
601,11
601,13
598,4
598,1
384,6
604,3
604,4
623,4
594,3
326,3
320,3
594,5
322,4
249,3
250,3
254,5
452,3
597,3
255,3
255,5
249,4
602,4
601,9
242,4
526,3
481,3
482,3
484,3
367,5
285,0
358,3
361,2
301,4
2,32
431,7
431,8
345,4
345,5
296,3
297,3
298,4
466,3
467,3
460,3
508,3
509,3
488,3
489,3
459,3
459,5
460,5
378,3
379,3
316,7
420,4
336,4
316,4
598,7
598,8
596,8
263,6
263,8
263,9
263,11
615,3
615,5
616,4
610,4
605,3
248,3
325,3
603,3
414,4
327,3
351,5
243,6
243,7
243,9
293,2
386,5
261,2
262,2
357,2
259,2
260,2
290,2
416,3
415,3
332,4
410,3
295,3
294,3
346,4
310,7
369,3
384,5
291,2
309,2
599,6
480,5
599,7
598,9
600,8
243,8
243,5
328,4
520,5
520,4
520,3
491,3
309,3
243,4
306,5
306,4
306,3
305,8
305,7
305,5
305,4
615,4
604,2
351,3
328,3
264,3
313,3
263,2
247,3
610,3
616,3
314,3
263,10
263,7
263,5
263,4
600,7
600,6
598,14
598,10
599,5
316,2
408,2
258,2
409,4
409,3
460,2
459,4
490,3
510,3
460,4
467,4
2,26
346,3
298,3
345,6
304,4
2,31
431,3
357,3
256,8
285,1
285,2
482,4
483,3
527,3
242,3
602,3
251,5
251,3
480,4
254,3
324,4
324,3
322,3
604,5
623,3
598,6
277,4
601,12
601,8
621,3
497,4
354,4
511,3
289,0
289,5
514,3
349,3
442,3
288,4
281,3
283,3
282,3
257,5
257,2
260,4
462,3
316,6
316,3
2,25
458,3
2,13
361,3
257,6
599,4
2,30
620,4
2,35
278,7
595,26
595,23
595,21
593,12
593,11
593,10
595,11
595,10
593,8
600,4
595,6
598,3
291,3
290,4
276,9
278,6
276,5
245,4
592,21
613,11
592,16
613,10
592,22
613,12
619,5
2,14
263,12
333,4
619,3
367,3
305,9
310,4
310,3
243,3
257,3
356,3
256,6
404,3
256,11
407,3
406,3
318,2
317,4
241,3
256,3
450,3
449,3
2,10
293,6
0,243
2,16
0,468
0,467
0,457
0,322
0,321
0,300
0,299
0,298
0,297
0,296
0,295
0,294
0,293
0,292
0,291
0,290
0,289
0,288
0,287
0,286
0,285
0,284
0,283
0,282
0,281
0,280
0,279
0,278
0,277
0,276
0,275
0,274
0,273
0,272
0,271
0,270
0,269
0,268
0,267
0,266
0,265
0,264
0,263
0,262
0,261
0,260
0,259
0,258
0,257
0,256
0,255
0,254
0,253
0,252
0,251
0,250
0,249
0,248
0,247
0,246
0,245
0,244
0,242
0,241
0,240
0,239
0,238
0,237
0,236
0,235
0,234
0,233
0,232
0,231
0,230
0,229
0,228
0,227
0,226
0,225
0,224
0,223
0,222
0,221
0,220
0,219
0,218
0,217
0,216
0,215
0,214
0,213
0,212
0,211
0,210
0,209
0,208
0,207
0,206
0,205
0,204
0,203
0,202
0,201
0,200
0,199
0,198
0,197
0,196
0,195
0,194
0,193
0,192
0,63
0,62
0,61
0,60
0,59
0,58
0,57
0,56
0,55
0,54
0,53
0,52
0,51
0,50
0,49
0,48
0,47
0,46
0,45
0,6
0,5
0,304
0,303
0,306
0,305
0,302
0,447
0,12
0,452
0,10
0,448
0,8
0,451
0,11
0,4
0,2
0,3
0,7
